Created: 2021-04-14 11:04:33.456904
Version: 1.1.0
--------------
align: None
band_ratios_thresholded: [[507, 500], [515, 500], [515, 507], [523, 500], [523, 507], [523, 515], [530, 500], [530, 507], [530, 515], [530, 523], [538, 500], [538, 507], [538, 515], [538, 523], [538, 530], [546, 500], [546, 507], [546, 515], [546, 523], [546, 530], [546, 538], [554, 500], [554, 507], [554, 515], [554, 523], [554, 530], [554, 538], [563, 500], [563, 507], [563, 515], [563, 523], [563, 530], [571, 500], [571, 507], [571, 515], [571, 523], [579, 500], [579, 507], [579, 515], [579, 523], [588, 500], [588, 507], [588, 515], [596, 500], [596, 507], [596, 515], [605, 500], [605, 507], [605, 515], [614, 500], [614, 507], [614, 605], [623, 500], [623, 605], [623, 614], [632, 500], [632, 507], [632, 623], [641, 500], [641, 507], [641, 515], [641, 605], [641, 614], [641, 623], [641, 632], [651, 500], [651, 507], [651, 515], [651, 523], [651, 588], [651, 596], [651, 605], [651, 614], [651, 623], [651, 632], [651, 641], [660, 500], [660, 507], [660, 515], [660, 523], [660, 588], [660, 596], [660, 605], [660, 614], [660, 623], [660, 632], [660, 641], [670, 500], [670, 507], [670, 515], [670, 651], [670, 660], [679, 500], [679, 507], [679, 651], [679, 660], [689, 500], [689, 507], [689, 515], [689, 523], [689, 530], [689, 538], [689, 546], [689, 554], [689, 563], [689, 571], [689, 579], [689, 588], [689, 596], [689, 605], [689, 614], [689, 623], [689, 632], [689, 641], [689, 651], [689, 660], [689, 670], [689, 679], [699, 500], [699, 507], [699, 515], [699, 523], [699, 530], [699, 538], [699, 546], [699, 554], [699, 563], [699, 571], [699, 579], [699, 588], [699, 596], [699, 605], [699, 614], [699, 623], [699, 632], [699, 641], [699, 651], [699, 660], [699, 670], [699, 679], [699, 689], [709, 500], [709, 507], [709, 515], [709, 523], [709, 530], [709, 538], [709, 546], [709, 554], [709, 563], [709, 571], [709, 579], [709, 588], [709, 596], [709, 605], [709, 614], [709, 623], [709, 632], [709, 641], [709, 651], [709, 660], [709, 670], [709, 679], [709, 689], [709, 699], [719, 500], [719, 507], [719, 515], [719, 523], [719, 530], [719, 538], [719, 546], [719, 554], [719, 563], [719, 571], [719, 579], [719, 588], [719, 596], [719, 605], [719, 614], [719, 623], [719, 632], [719, 641], [719, 651], [719, 660], [719, 670], [719, 679], [719, 689], [719, 699], [719, 709]]
batch: 128
benchmark: True
correlation_threshold: 0.35
epsilon: 0.001
imputations: 5
l2: 0.001
line_heights_thresholded: [[507, 5], [515, 5], [515, 10], [515, 15], [523, 5], [523, 10], [538, 15], [546, 5], [546, 10], [546, 15], [546, 20], [554, 5], [554, 10], [554, 15], [554, 20], [563, 5], [563, 10], [563, 15], [563, 20], [579, 5], [579, 10], [579, 15], [579, 20], [605, 5], [605, 10], [623, 5], [623, 10], [623, 15], [623, 20], [632, 5], [632, 10], [632, 15], [632, 20], [651, 5], [651, 10], [651, 15], [651, 20], [660, 10], [660, 15], [660, 20], [670, 5], [670, 10], [670, 15], [670, 20], [679, 10], [679, 15], [679, 20], [689, 10], [689, 15], [689, 20], [699, 10], [699, 15], [699, 20], [709, 10]]
lr: 0.001
model_lbl: 
n_hidden: 100
n_iter: 10000
n_layers: 5
n_mix: 5
n_train: 1.0
n_valid: 0
no_only_ratio: False
no_ratio: False
only_append_LH: False
product: chl,PC
sat_bands: False
seed: 42
sensor: PRISMA-noBnoNIR
split_by_set: False
use_bagging: False
use_boosting: False
use_noise: False
use_tchlfix: False
using_correlations: True
x_scalers: [('RatioTransformer', [[500, 507, 515, 523, 530, 538, 546, 554, 563, 571, 579, 588, 596, 605, 614, 623, 632, 641, 651, 660, 670, 679, 689, 699, 709, 719], True, [[507, 500], [515, 500], [515, 507], [523, 500], [523, 507], [523, 515], [530, 500], [530, 507], [530, 515], [530, 523], [538, 500], [538, 507], [538, 515], [538, 523], [538, 530], [546, 500], [546, 507], [546, 515], [546, 523], [546, 530], [546, 538], [554, 500], [554, 507], [554, 515], [554, 523], [554, 530], [554, 538], [563, 500], [563, 507], [563, 515], [563, 523], [563, 530], [571, 500], [571, 507], [571, 515], [571, 523], [579, 500], [579, 507], [579, 515], [579, 523], [588, 500], [588, 507], [588, 515], [596, 500], [596, 507], [596, 515], [605, 500], [605, 507], [605, 515], [614, 500], [614, 507], [614, 605], [623, 500], [623, 605], [623, 614], [632, 500], [632, 507], [632, 623], [641, 500], [641, 507], [641, 515], [641, 605], [641, 614], [641, 623], [641, 632], [651, 500], [651, 507], [651, 515], [651, 523], [651, 588], [651, 596], [651, 605], [651, 614], [651, 623], [651, 632], [651, 641], [660, 500], [660, 507], [660, 515], [660, 523], [660, 588], [660, 596], [660, 605], [660, 614], [660, 623], [660, 632], [660, 641], [670, 500], [670, 507], [670, 515], [670, 651], [670, 660], [679, 500], [679, 507], [679, 651], [679, 660], [689, 500], [689, 507], [689, 515], [689, 523], [689, 530], [689, 538], [689, 546], [689, 554], [689, 563], [689, 571], [689, 579], [689, 588], [689, 596], [689, 605], [689, 614], [689, 623], [689, 632], [689, 641], [689, 651], [689, 660], [689, 670], [689, 679], [699, 500], [699, 507], [699, 515], [699, 523], [699, 530], [699, 538], [699, 546], [699, 554], [699, 563], [699, 571], [699, 579], [699, 588], [699, 596], [699, 605], [699, 614], [699, 623], [699, 632], [699, 641], [699, 651], [699, 660], [699, 670], [699, 679], [699, 689], [709, 500], [709, 507], [709, 515], [709, 523], [709, 530], [709, 538], [709, 546], [709, 554], [709, 563], [709, 571], [709, 579], [709, 588], [709, 596], [709, 605], [709, 614], [709, 623], [709, 632], [709, 641], [709, 651], [709, 660], [709, 670], [709, 679], [709, 689], [709, 699], [719, 500], [719, 507], [719, 515], [719, 523], [719, 530], [719, 538], [719, 546], [719, 554], [719, 563], [719, 571], [719, 579], [719, 588], [719, 596], [719, 605], [719, 614], [719, 623], [719, 632], [719, 641], [719, 651], [719, 660], [719, 670], [719, 679], [719, 689], [719, 699], [719, 709]], [[507, 5], [515, 5], [515, 10], [515, 15], [523, 5], [523, 10], [538, 15], [546, 5], [546, 10], [546, 15], [546, 20], [554, 5], [554, 10], [554, 15], [554, 20], [563, 5], [563, 10], [563, 15], [563, 20], [579, 5], [579, 10], [579, 15], [579, 20], [605, 5], [605, 10], [623, 5], [623, 10], [623, 15], [623, 20], [632, 5], [632, 10], [632, 15], [632, 20], [651, 5], [651, 10], [651, 15], [651, 20], [660, 10], [660, 15], [660, 20], [670, 5], [670, 10], [670, 15], [670, 20], [679, 10], [679, 15], [679, 20], [689, 10], [689, 15], [689, 20], [699, 10], [699, 15], [699, 20], [709, 10]], False], {}), ('RobustScaler', [], {})]
y_scalers: [('LogTransformer', [], {}), ('MinMaxScaler', [(-1, 1)], {})]
--------------
allow_nan_out: 0
animate: False
avg_est: False
darktheme: False
data_loc: /home/ryanoshea/MDN_PC/MDN/script_formatted_data/Ryan_data/Data/Test_29_0_1_no_copies_PRISMA
data_wavelengths: [500, 507, 515, 523, 530, 538, 546, 554, 563, 571, 579, 588, 596, 605, 614, 623, 632, 641, 651, 660, 670, 679, 689, 699, 709, 719]
data_xtest_shape: (929, 26)
data_xtrain_shape: (929, 26)
data_ytest_shape: (929, 2)
data_ytrain_shape: (929, 2)
dataset: all
datasets_hash: f88cf49fea1e00ef071c722838cec26a4e66e5cc7c95393cb6c265ae46bc8edb
filename: None
model_loc: Model
n_redraws: 50
n_rounds: 10
no_load: False
no_save: False
plot_loss: False
plot_matchups: 3
return_opt: 0
run_name: run_11
save_data: False
save_stats: False
scaler_x_ratio_only: <MDN.transformers.TransformerPipeline object at 0x7f0ec7f39f50>
silent: False
sim_loc: D:/Data/Train
threshold: None
use_sim: False
verbose: False
x_scalers_ratio_only: [(<class 'MDN.transformers.RatioTransformer'>, [[500, 507, 515, 523, 530, 538, 546, 554, 563, 571, 579, 588, 596, 605, 614, 623, 632, 641, 651, 660, 670, 679, 689, 699, 709, 719], True], {})]