Created: 2021-04-13 15:25:48.796322
Version: 1.1.0
--------------
align: None
band_ratios_thresholded: [[507, 501], [512, 501], [512, 507], [518, 501], [518, 507], [518, 512], [524, 501], [524, 507], [524, 512], [524, 518], [530, 501], [530, 507], [530, 512], [530, 518], [530, 524], [535, 501], [535, 507], [535, 512], [535, 518], [535, 524], [535, 530], [541, 501], [541, 507], [541, 512], [541, 518], [541, 524], [541, 530], [541, 535], [547, 501], [547, 507], [547, 512], [547, 518], [547, 524], [547, 530], [547, 535], [547, 541], [553, 501], [553, 507], [553, 512], [553, 518], [553, 524], [553, 530], [553, 535], [553, 541], [558, 501], [558, 507], [558, 512], [558, 518], [558, 524], [558, 530], [558, 535], [564, 501], [564, 507], [564, 512], [564, 518], [564, 524], [564, 530], [570, 501], [570, 507], [570, 512], [570, 518], [570, 524], [575, 501], [575, 507], [575, 512], [575, 518], [575, 524], [581, 501], [581, 507], [581, 512], [581, 518], [587, 501], [587, 507], [587, 512], [587, 518], [593, 501], [593, 507], [593, 512], [593, 518], [598, 501], [598, 507], [598, 512], [604, 501], [604, 507], [604, 512], [610, 501], [610, 507], [616, 501], [616, 507], [616, 604], [616, 610], [621, 501], [621, 604], [621, 610], [621, 616], [627, 501], [633, 501], [633, 507], [633, 621], [633, 627], [638, 501], [638, 507], [638, 512], [638, 610], [638, 616], [638, 621], [638, 627], [638, 633], [644, 501], [644, 507], [644, 512], [644, 518], [644, 593], [644, 598], [644, 604], [644, 610], [644, 616], [644, 621], [644, 627], [644, 633], [644, 638], [650, 501], [650, 507], [650, 512], [650, 518], [650, 524], [650, 581], [650, 587], [650, 593], [650, 598], [650, 604], [650, 610], [650, 616], [650, 621], [650, 627], [650, 633], [650, 638], [650, 644], [656, 501], [656, 507], [656, 512], [656, 518], [656, 524], [656, 581], [656, 587], [656, 593], [656, 598], [656, 604], [656, 610], [656, 616], [656, 621], [656, 627], [656, 633], [656, 638], [656, 644], [661, 501], [661, 507], [661, 512], [661, 518], [661, 524], [661, 587], [661, 593], [661, 598], [661, 604], [661, 610], [661, 616], [661, 621], [661, 627], [661, 633], [661, 638], [661, 656], [667, 501], [667, 507], [667, 512], [667, 621], [667, 627], [667, 650], [667, 656], [667, 661], [673, 501], [673, 507], [673, 644], [673, 650], [673, 656], [673, 661], [673, 667], [679, 501], [679, 507], [679, 650], [679, 656], [679, 661], [684, 501], [684, 507], [684, 512], [684, 518], [684, 587], [684, 593], [684, 598], [684, 604], [684, 610], [684, 616], [684, 621], [684, 627], [684, 633], [684, 638], [684, 667], [684, 673], [684, 679], [690, 501], [690, 507], [690, 512], [690, 518], [690, 524], [690, 530], [690, 535], [690, 541], [690, 547], [690, 553], [690, 558], [690, 564], [690, 570], [690, 575], [690, 581], [690, 587], [690, 593], [690, 598], [690, 604], [690, 610], [690, 616], [690, 621], [690, 627], [690, 633], [690, 638], [690, 644], [690, 650], [690, 656], [690, 661], [690, 667], [690, 673], [690, 679], [690, 684], [696, 501], [696, 507], [696, 512], [696, 518], [696, 524], [696, 530], [696, 535], [696, 541], [696, 547], [696, 553], [696, 558], [696, 564], [696, 570], [696, 575], [696, 581], [696, 587], [696, 593], [696, 598], [696, 604], [696, 610], [696, 616], [696, 621], [696, 627], [696, 633], [696, 638], [696, 644], [696, 650], [696, 656], [696, 661], [696, 667], [696, 673], [696, 679], [696, 684], [696, 690], [701, 501], [701, 507], [701, 512], [701, 518], [701, 524], [701, 530], [701, 535], [701, 541], [701, 547], [701, 553], [701, 558], [701, 564], [701, 570], [701, 575], [701, 581], [701, 587], [701, 593], [701, 598], [701, 604], [701, 610], [701, 616], [701, 621], [701, 627], [701, 633], [701, 638], [701, 644], [701, 650], [701, 656], [701, 661], [701, 667], [701, 673], [701, 679], [701, 684], [701, 690], [701, 696], [707, 501], [707, 507], [707, 512], [707, 518], [707, 524], [707, 530], [707, 535], [707, 541], [707, 547], [707, 553], [707, 558], [707, 564], [707, 570], [707, 575], [707, 581], [707, 587], [707, 593], [707, 598], [707, 604], [707, 610], [707, 616], [707, 621], [707, 627], [707, 633], [707, 638], [707, 644], [707, 650], [707, 656], [707, 661], [707, 667], [707, 673], [707, 679], [707, 684], [707, 690], [707, 696], [707, 701], [713, 501], [713, 507], [713, 512], [713, 518], [713, 524], [713, 530], [713, 535], [713, 541], [713, 547], [713, 553], [713, 558], [713, 564], [713, 570], [713, 575], [713, 581], [713, 587], [713, 593], [713, 598], [713, 604], [713, 610], [713, 616], [713, 621], [713, 627], [713, 633], [713, 638], [713, 644], [713, 650], [713, 656], [713, 661], [713, 667], [713, 673], [713, 679], [713, 684], [713, 690], [713, 696], [713, 701], [713, 707], [719, 501], [719, 507], [719, 512], [719, 518], [719, 524], [719, 530], [719, 535], [719, 541], [719, 547], [719, 553], [719, 558], [719, 564], [719, 570], [719, 575], [719, 581], [719, 587], [719, 593], [719, 598], [719, 604], [719, 610], [719, 616], [719, 621], [719, 627], [719, 633], [719, 638], [719, 644], [719, 650], [719, 656], [719, 661], [719, 667], [719, 673], [719, 679], [719, 684], [719, 690], [719, 696], [719, 701], [719, 707], [719, 713], [724, 501], [724, 507], [724, 512], [724, 518], [724, 524], [724, 530], [724, 535], [724, 541], [724, 547], [724, 553], [724, 558], [724, 564], [724, 570], [724, 575], [724, 581], [724, 587], [724, 593], [724, 598], [724, 604], [724, 610], [724, 616], [724, 621], [724, 627], [724, 633], [724, 638], [724, 644], [724, 650], [724, 656], [724, 661], [724, 667], [724, 673], [724, 679], [724, 684], [724, 690], [724, 696], [724, 701], [724, 707]]
batch: 128
benchmark: True
correlation_threshold: 0.35
epsilon: 0.001
imputations: 5
l2: 0.001
line_heights_thresholded: [[507, 5], [512, 10], [518, 15], [535, 5], [535, 10], [541, 5], [541, 10], [541, 15], [541, 20], [547, 5], [547, 10], [547, 15], [547, 20], [553, 5], [553, 10], [553, 15], [553, 20], [558, 5], [558, 10], [558, 15], [558, 20], [575, 5], [575, 10], [581, 5], [581, 10], [581, 15], [604, 5], [616, 5], [616, 10], [616, 15], [616, 20], [621, 5], [621, 10], [621, 15], [621, 20], [627, 5], [627, 10], [627, 15], [627, 20], [633, 5], [633, 10], [633, 15], [633, 20], [638, 15], [638, 20], [644, 10], [644, 15], [644, 20], [650, 5], [650, 10], [650, 15], [650, 20], [656, 5], [656, 10], [656, 15], [656, 20], [661, 10], [661, 15], [661, 20], [667, 5], [667, 10], [667, 15], [667, 20], [673, 5], [673, 10], [673, 15], [673, 20], [679, 5], [679, 10], [679, 15], [679, 20], [684, 5], [684, 10], [684, 15], [684, 20], [690, 5], [690, 10], [690, 15], [690, 20], [696, 10], [696, 15], [696, 20], [701, 5], [701, 10], [701, 15], [701, 20], [707, 5], [707, 10], [707, 15], [713, 5], [713, 10], [719, 5]]
lr: 0.001
model_lbl: 
n_hidden: 100
n_iter: 10000
n_layers: 5
n_mix: 5
n_train: 1.0
n_valid: 0
no_only_ratio: False
no_ratio: False
only_append_LH: False
product: chl,PC
sat_bands: False
seed: 42
sensor: HICO-noBnoNIR
split_by_set: False
use_bagging: False
use_boosting: False
use_noise: False
use_tchlfix: False
using_correlations: True
x_scalers: [('RatioTransformer', [[501, 507, 512, 518, 524, 530, 535, 541, 547, 553, 558, 564, 570, 575, 581, 587, 593, 598, 604, 610, 616, 621, 627, 633, 638, 644, 650, 656, 661, 667, 673, 679, 684, 690, 696, 701, 707, 713, 719, 724], True, [[507, 501], [512, 501], [512, 507], [518, 501], [518, 507], [518, 512], [524, 501], [524, 507], [524, 512], [524, 518], [530, 501], [530, 507], [530, 512], [530, 518], [530, 524], [535, 501], [535, 507], [535, 512], [535, 518], [535, 524], [535, 530], [541, 501], [541, 507], [541, 512], [541, 518], [541, 524], [541, 530], [541, 535], [547, 501], [547, 507], [547, 512], [547, 518], [547, 524], [547, 530], [547, 535], [547, 541], [553, 501], [553, 507], [553, 512], [553, 518], [553, 524], [553, 530], [553, 535], [553, 541], [558, 501], [558, 507], [558, 512], [558, 518], [558, 524], [558, 530], [558, 535], [564, 501], [564, 507], [564, 512], [564, 518], [564, 524], [564, 530], [570, 501], [570, 507], [570, 512], [570, 518], [570, 524], [575, 501], [575, 507], [575, 512], [575, 518], [575, 524], [581, 501], [581, 507], [581, 512], [581, 518], [587, 501], [587, 507], [587, 512], [587, 518], [593, 501], [593, 507], [593, 512], [593, 518], [598, 501], [598, 507], [598, 512], [604, 501], [604, 507], [604, 512], [610, 501], [610, 507], [616, 501], [616, 507], [616, 604], [616, 610], [621, 501], [621, 604], [621, 610], [621, 616], [627, 501], [633, 501], [633, 507], [633, 621], [633, 627], [638, 501], [638, 507], [638, 512], [638, 610], [638, 616], [638, 621], [638, 627], [638, 633], [644, 501], [644, 507], [644, 512], [644, 518], [644, 593], [644, 598], [644, 604], [644, 610], [644, 616], [644, 621], [644, 627], [644, 633], [644, 638], [650, 501], [650, 507], [650, 512], [650, 518], [650, 524], [650, 581], [650, 587], [650, 593], [650, 598], [650, 604], [650, 610], [650, 616], [650, 621], [650, 627], [650, 633], [650, 638], [650, 644], [656, 501], [656, 507], [656, 512], [656, 518], [656, 524], [656, 581], [656, 587], [656, 593], [656, 598], [656, 604], [656, 610], [656, 616], [656, 621], [656, 627], [656, 633], [656, 638], [656, 644], [661, 501], [661, 507], [661, 512], [661, 518], [661, 524], [661, 587], [661, 593], [661, 598], [661, 604], [661, 610], [661, 616], [661, 621], [661, 627], [661, 633], [661, 638], [661, 656], [667, 501], [667, 507], [667, 512], [667, 621], [667, 627], [667, 650], [667, 656], [667, 661], [673, 501], [673, 507], [673, 644], [673, 650], [673, 656], [673, 661], [673, 667], [679, 501], [679, 507], [679, 650], [679, 656], [679, 661], [684, 501], [684, 507], [684, 512], [684, 518], [684, 587], [684, 593], [684, 598], [684, 604], [684, 610], [684, 616], [684, 621], [684, 627], [684, 633], [684, 638], [684, 667], [684, 673], [684, 679], [690, 501], [690, 507], [690, 512], [690, 518], [690, 524], [690, 530], [690, 535], [690, 541], [690, 547], [690, 553], [690, 558], [690, 564], [690, 570], [690, 575], [690, 581], [690, 587], [690, 593], [690, 598], [690, 604], [690, 610], [690, 616], [690, 621], [690, 627], [690, 633], [690, 638], [690, 644], [690, 650], [690, 656], [690, 661], [690, 667], [690, 673], [690, 679], [690, 684], [696, 501], [696, 507], [696, 512], [696, 518], [696, 524], [696, 530], [696, 535], [696, 541], [696, 547], [696, 553], [696, 558], [696, 564], [696, 570], [696, 575], [696, 581], [696, 587], [696, 593], [696, 598], [696, 604], [696, 610], [696, 616], [696, 621], [696, 627], [696, 633], [696, 638], [696, 644], [696, 650], [696, 656], [696, 661], [696, 667], [696, 673], [696, 679], [696, 684], [696, 690], [701, 501], [701, 507], [701, 512], [701, 518], [701, 524], [701, 530], [701, 535], [701, 541], [701, 547], [701, 553], [701, 558], [701, 564], [701, 570], [701, 575], [701, 581], [701, 587], [701, 593], [701, 598], [701, 604], [701, 610], [701, 616], [701, 621], [701, 627], [701, 633], [701, 638], [701, 644], [701, 650], [701, 656], [701, 661], [701, 667], [701, 673], [701, 679], [701, 684], [701, 690], [701, 696], [707, 501], [707, 507], [707, 512], [707, 518], [707, 524], [707, 530], [707, 535], [707, 541], [707, 547], [707, 553], [707, 558], [707, 564], [707, 570], [707, 575], [707, 581], [707, 587], [707, 593], [707, 598], [707, 604], [707, 610], [707, 616], [707, 621], [707, 627], [707, 633], [707, 638], [707, 644], [707, 650], [707, 656], [707, 661], [707, 667], [707, 673], [707, 679], [707, 684], [707, 690], [707, 696], [707, 701], [713, 501], [713, 507], [713, 512], [713, 518], [713, 524], [713, 530], [713, 535], [713, 541], [713, 547], [713, 553], [713, 558], [713, 564], [713, 570], [713, 575], [713, 581], [713, 587], [713, 593], [713, 598], [713, 604], [713, 610], [713, 616], [713, 621], [713, 627], [713, 633], [713, 638], [713, 644], [713, 650], [713, 656], [713, 661], [713, 667], [713, 673], [713, 679], [713, 684], [713, 690], [713, 696], [713, 701], [713, 707], [719, 501], [719, 507], [719, 512], [719, 518], [719, 524], [719, 530], [719, 535], [719, 541], [719, 547], [719, 553], [719, 558], [719, 564], [719, 570], [719, 575], [719, 581], [719, 587], [719, 593], [719, 598], [719, 604], [719, 610], [719, 616], [719, 621], [719, 627], [719, 633], [719, 638], [719, 644], [719, 650], [719, 656], [719, 661], [719, 667], [719, 673], [719, 679], [719, 684], [719, 690], [719, 696], [719, 701], [719, 707], [719, 713], [724, 501], [724, 507], [724, 512], [724, 518], [724, 524], [724, 530], [724, 535], [724, 541], [724, 547], [724, 553], [724, 558], [724, 564], [724, 570], [724, 575], [724, 581], [724, 587], [724, 593], [724, 598], [724, 604], [724, 610], [724, 616], [724, 621], [724, 627], [724, 633], [724, 638], [724, 644], [724, 650], [724, 656], [724, 661], [724, 667], [724, 673], [724, 679], [724, 684], [724, 690], [724, 696], [724, 701], [724, 707]], [[507, 5], [512, 10], [518, 15], [535, 5], [535, 10], [541, 5], [541, 10], [541, 15], [541, 20], [547, 5], [547, 10], [547, 15], [547, 20], [553, 5], [553, 10], [553, 15], [553, 20], [558, 5], [558, 10], [558, 15], [558, 20], [575, 5], [575, 10], [581, 5], [581, 10], [581, 15], [604, 5], [616, 5], [616, 10], [616, 15], [616, 20], [621, 5], [621, 10], [621, 15], [621, 20], [627, 5], [627, 10], [627, 15], [627, 20], [633, 5], [633, 10], [633, 15], [633, 20], [638, 15], [638, 20], [644, 10], [644, 15], [644, 20], [650, 5], [650, 10], [650, 15], [650, 20], [656, 5], [656, 10], [656, 15], [656, 20], [661, 10], [661, 15], [661, 20], [667, 5], [667, 10], [667, 15], [667, 20], [673, 5], [673, 10], [673, 15], [673, 20], [679, 5], [679, 10], [679, 15], [679, 20], [684, 5], [684, 10], [684, 15], [684, 20], [690, 5], [690, 10], [690, 15], [690, 20], [696, 10], [696, 15], [696, 20], [701, 5], [701, 10], [701, 15], [701, 20], [707, 5], [707, 10], [707, 15], [713, 5], [713, 10], [719, 5]], False], {}), ('RobustScaler', [], {})]
y_scalers: [('LogTransformer', [], {}), ('MinMaxScaler', [(-1, 1)], {})]
--------------
allow_nan_out: 0
animate: False
avg_est: False
darktheme: False
data_loc: /home/ryanoshea/MDN_PC/MDN/script_formatted_data/Ryan_data/Data/Test_29_0_1_no_copies
data_wavelengths: [501, 507, 512, 518, 524, 530, 535, 541, 547, 553, 558, 564, 570, 575, 581, 587, 593, 598, 604, 610, 616, 621, 627, 633, 638, 644, 650, 656, 661, 667, 673, 679, 684, 690, 696, 701, 707, 713, 719, 724]
data_xtest_shape: (939, 40)
data_xtrain_shape: (939, 40)
data_ytest_shape: (939, 2)
data_ytrain_shape: (939, 2)
dataset: all
datasets_hash: 0487756fbd25ec069e64db3f364e75320e2b48876e71e6e793ad266dc0d8c661
filename: None
model_loc: Model
n_redraws: 50
n_rounds: 10
no_load: False
no_save: False
plot_loss: False
plot_matchups: 1
return_opt: 0
run_name: run_11
save_data: False
save_stats: False
scaler_x_ratio_only: <MDN.transformers.TransformerPipeline object at 0x7fc1f4c671d0>
silent: False
sim_loc: D:/Data/Train
threshold: None
use_sim: False
verbose: False
x_scalers_ratio_only: [(<class 'MDN.transformers.RatioTransformer'>, [[501, 507, 512, 518, 524, 530, 535, 541, 547, 553, 558, 564, 570, 575, 581, 587, 593, 598, 604, 610, 616, 621, 627, 633, 638, 644, 650, 656, 661, 667, 673, 679, 684, 690, 696, 701, 707, 713, 719, 724], True], {})]